00000000111210101111111111100101010000001111111111011111111000100000000111111111101111111111
01011111101000000100100100000000000010101000000000000010101111011111101010000000001010100101
11110101111010100000001010111111101111101010000001000010111111101111010101111111110010101010
11101011110101011111110101010100000000010011000000000000101010100000010110110111111110110101
00101011111100110111110101010111101010001010111111100111110101010100111111111010111000101110
01011111101010101111101010111110101000001111010101111011110010100000001001001100111010100101
11010000001011111111000111111111101010000000010100000111111111010000100000110110101000001010
11111111010111111010101011111111010111111111010100101000000000000110100000000000100311110101
11111111010000100000000001010101111111111010100101011111111110101000000000101110000111010101
11111111111111111111110011111111110101111111110111111101001111111110101010101111111101101111
11111111111101010111111111111110101010111111111110101011111111111111101011111111111011110101
11111111111111111110011111111111111001111111110011111111111111111001111111111101010101111111
11111111000000000001000000011111111110111111111110100111111111101001111110101001000001001111
11111111111101010001010000000001111111100000101000000010101000000101000000000011111111110101
11111111111010101011111111111111111010111111111111111011111111101010111111110101111111100111
00011111111111101111000000000000010111111111111101101111111101111111110101010101010101010101